255 255 255 255 255 255 255 255 255 255 255 255 255 255 255 255
255   0   0   0   0 255 255   0   0 255 255   0   0   0   0 255
255   0   0   0 255 255   0   0   0   0 255 255   0   0   0 255
255   0   1 255 255 255 255 255 255 255 255 255 255   1   0 255
255   0 255 255   0   0 255 255 255 255   0   0 255 255   0 255
255 255 255 255   0 255 255 255 255 255 255   0 255 255 255 255
255 255   0 255 255 255 255 225 190 255 255 255 255   0 255 255
255   0   0 255 255 255 255  32 255  60 255 255 255   0   0 255
255   0   0 255 255 255 204 255  46 255 255 255 255   0   0 255
255 255   0 255 255 255 255  96  37 117 255 255 255   0 255 255
255 255 255 255   0 255 255 255 255 255 255   0 255 255 255 255
255   0 255 255   0   0 255 255 255 255   0   0 255 255   0 255
255   0   0 255 255 255 255 255 255 255 255 255 255   0   0 255
255   0   0   0 255 255   0   0   0   0 255 255   0   0   0 255
255   0   0   0   0 255 255   0   0 255 255   0   0   0   0 255
255 255 255 255 255 255 255 255 255 255 255 255 255 255 255 255
255 255 255 255 255 255 255 255 255 255 255 255 255 255 255 255
255   0   0   0   0 255 255   0   0 255 255   0   0   0   0 255
255   0   0   0 255 255   0   0   0   0 255 255   0   0   0 255
255   0   1 255 255 255 255 255 255 255 255 255 255   1   0 255
255   0 255 255   0   0 255 255 255 255   0   0 255 255   0 255
255 255 255 255   0 255 255 255 255 255 255   0 255 255 255 255
255 255   0 255 255 255 255 225 190 255 255 255 255   0 255 255
255   0   0 255 255 255 255  32 255  60 255 255 255   0   0 255
255   0   0 255 255 255 204 255  46 255 255 255 255   0   0 255
255 255   0 255 255 255 255  96  37 117 255 255 255   0 255 255
255 255 255 255   0 255 255 255 255 255 255   0 255 255 255 255
255   0 255 255   0   0 255 255 255 255   0   0 255 255   0 255
255   0   0 255 255 255 255 255 255 255 255 255 255   0   0 255
255   0   0   0 255 255   0   0   0   0 255 255   0   0   0 255
255   0   0   0   0 255 255   0   0 255 255   0   0   0   0 255
255 255 255 255 255 255 255 255 255 255 255 255 255 255 255 255
255 255 255 255 255 255 255 255 255 255 255 255 255 255 255 255
255   0   0   0   0 255 255   0   0 255 255   0   0   0   0 255
255   0   0   0 255 255   0   0   0   0 255 255   0   0   0 255
255   0   1 255 255 255 255 255 255 255 255 255 255   1   0 255
255   0 255 255   0   0 255 255 255 255   0   0 255 255   0 255
255 255 255 255   0 255 255 255 255 255 255   0 255 255 255 255
255 255   0 255 255 255 255 225 190 255 255 255 255   0 255 255
255   0   0 255 255 255 255  32 255  60 255 255 255   0   0 255
255   0   0 255 255 255 204 255  46 255 255 255 255   0   0 255
255 255   0 255 255 255 255  96  37 117 255 255 255   0 255 255
255 255 255 255   0 255 255 255 255 255 255   0 255 255 255 255
255   0 255 255   0   0 255 255 255 255   0   0 255 255   0 255
255   0   0 255 255 255 255 255 255 255 255 255 255   0   0 255
255   0   0   0 255 255   0   0   0   0 255 255   0   0   0 255
255   0   0   0   0 255 255   0   0 255 255   0   0   0   0 255
255 255 255 255 255 255 255 255 255 255 255 255 255 255 255 255

254 246 241 241 250 255 248 241 241 248 255 250 241 241 245 254
246 135  78 101 210 243 142  89  89 139 242 213 103  78 130 245
242  85  60 163 243 232 135 140 140 133 231 244 165  61  78 241
242 109 162 248 224 219 248 250 250 249 219 224 247 165 103 241
250 214 243 231  63 174 242 146 143 242 181  60 224 244 213 250
255 243 233 226 177 253 241 201 201 242 253 181 219 231 242 255
249 143 131 249 242 239 202 217 227 232 242 242 249 133 139 248
242  94 136 252 148 192 222 216 221 228 201 144 251 140  89 241
242  95 136 252 152 193 221 216 219 217 202 147 251 140  90 241
249 147 133 248 243 240 205 219 220 201 242 242 248 135 143 248
255 244 234 226 169 252 240 193 191 239 253 173 219 232 243 255
250 209 242 231  66 169 243 152 150 242 176  63 224 242 209 250
242 106 159 249 231 226 248 252 252 249 226 231 248 162 101 241
242  85  58 159 242 234 133 136 136 131 233 243 161  60  78 241
246 139  85 106 209 244 147  95  95 144 243 213 109  85 135 246
254 246 242 242 250 255 249 242 242 249 255 250 242 242 246 254
254 246 241 241 250 255 248 241 241 248 255 250 241 241 245 254
246 135  78 101 210 243 142  89  89 139 242 213 103  78 130 245
242  85  60 163 243 232 135 140 140 133 231 244 165  61  78 241
242 109 162 248 224 219 248 250 250 249 219 224 247 165 103 241
250 214 243 231  63 174 242 146 143 242 181  60 224 244 213 250
255 243 233 226 177 253 241 201 201 242 253 181 219 231 242 255
249 143 131 249 242 239 202 217 227 232 242 242 249 133 139 248
242  94 136 252 148 192 222 216 221 228 201 144 251 140  89 241
242  95 136 252 152 193 221 216 219 217 202 147 251 140  90 241
249 147 133 248 243 240 205 219 220 201 242 242 248 135 143 248
255 244 234 226 169 252 240 193 191 239 253 173 219 232 243 255
250 209 242 231  66 169 243 152 150 242 176  63 224 242 209 250
242 106 159 249 231 226 248 252 252 249 226 231 248 162 101 241
242  85  58 159 242 234 133 136 136 131 233 243 161  60  78 241
246 139  85 106 209 244 147  95  95 144 243 213 109  85 135 246
254 246 242 242 250 255 249 242 242 249 255 250 242 242 246 254
254 246 241 241 250 255 248 241 241 248 255 250 241 241 245 254
246 135  78 101 210 243 142  89  89 139 242 213 103  78 130 245
242  85  60 163 243 232 135 140 140 133 231 244 165  61  78 241
242 109 162 248 224 219 248 250 250 249 219 224 247 165 103 241
250 214 243 231  63 174 242 146 143 242 181  60 224 244 213 250
255 243 233 226 177 253 241 201 201 242 253 181 219 231 242 255
249 143 131 249 242 239 202 217 227 232 242 242 249 133 139 248
242  94 136 252 148 192 222 216 221 228 201 144 251 140  89 241
242  95 136 252 152 193 221 216 219 217 202 147 251 140  90 241
249 147 133 248 243 240 205 219 220 201 242 242 248 135 143 248
255 244 234 226 169 252 240 193 191 239 253 173 219 232 243 255
250 209 242 231  66 169 243 152 150 242 176  63 224 242 209 250
242 106 159 249 231 226 248 252 252 249 226 231 248 162 101 241
242  85  58 159 242 234 133 136 136 131 233 243 161  60  78 241
246 139  85 106 209 244 147  95  95 144 243 213 109  85 135 246
254 246 242 242 250 255 249 242 242 249 255 250 242 242 246 254

254 245 241 241 250 255 248 241 241 248 255 250 241 241 246 254
245 130  78 103 213 242 139  89  90 143 243 209 101  78 135 246
241  78  61 165 244 231 133 140 140 135 232 242 162  60  85 242
241 103 165 247 224 219 249 251 251 248 219 224 248 161 109 242
250 213 244 224  60 181 242 144 147 242 173  63 231 243 213 250
255 242 231 219 181 253 242 201 202 242 253 176 226 233 243 255
248 139 133 249 242 242 232 228 217 201 239 242 249 131 144 249
241  89 140 250 143 201 227 221 219 220 191 150 252 136  95 242
241  89 140 250 146 201 217 216 216 219 193 152 252 136  95 242
248 142 135 248 242 241 202 222 221 205 240 243 248 133 147 249
255 243 232 219 174 253 239 192 193 240 252 169 226 234 244 255
250 210 243 224  63 177 242 148 152 243 169  66 231 242 209 250
241 101 163 248 231 226 249 252 252 248 226 231 249 159 106 242
241  78  60 162 243 233 131 136 136 133 234 242 159  58  85 242
246 135  85 109 214 243 143  94  95 147 244 209 106  85 139 246
254 246 242 242 250 255 249 242 242 249 255 250 242 242 246 254
254 245 241 241 250 255 248 241 241 248 255 250 241 241 246 254
245 130  78 103 213 242 139  89  90 143 243 209 101  78 135 246
241  78  61 165 244 231 133 140 140 135 232 242 162  60  85 242
241 103 165 247 224 219 249 251 251 248 219 224 248 161 109 242
250 213 244 224  60 181 242 144 147 242 173  63 231 243 213 250
255 242 231 219 181 253 242 201 202 242 253 176 226 233 243 255
248 139 133 249 242 242 232 228 217 201 239 242 249 131 144 249
241  89 140 250 143 201 227 221 219 220 191 150 252 136  95 242
241  89 140 250 146 201 217 216 216 219 193 152 252 136  95 242
248 142 135 248 242 241 202 222 221 205 240 243 248 133 147 249
255 243 232 219 174 253 239 192 193 240 252 169 226 234 244 255
250 210 243 224  63 177 242 148 152 243 169  66 231 242 209 250
241 101 163 248 231 226 249 252 252 248 226 231 249 159 106 242
241  78  60 162 243 233 131 136 136 133 234 242 159  58  85 242
246 135  85 109 214 243 143  94  95 147 244 209 106  85 139 246
254 246 242 242 250 255 249 242 242 249 255 250 242 242 246 254
254 245 241 241 250 255 248 241 241 248 255 250 241 241 246 254
245 130  78 103 213 242 139  89  90 143 243 209 101  78 135 246
241  78  61 165 244 231 133 140 140 135 232 242 162  60  85 242
241 103 165 247 224 219 249 251 251 248 219 224 248 161 109 242
250 213 244 224  60 181 242 144 147 242 173  63 231 243 213 250
255 242 231 219 181 253 242 201 202 242 253 176 226 233 243 255
248 139 133 249 242 242 232 228 217 201 239 242 249 131 144 249
241  89 140 250 143 201 227 221 219 220 191 150 252 136  95 242
241  89 140 250 146 201 217 216 216 219 193 152 252 136  95 242
248 142 135 248 242 241 202 222 221 205 240 243 248 133 147 249
255 243 232 219 174 253 239 192 193 240 252 169 226 234 244 255
250 210 243 224  63 177 242 148 152 243 169  66 231 242 209 250
241 101 163 248 231 226 249 252 252 248 226 231 249 159 106 242
241  78  60 162 243 233 131 136 136 133 234 242 159  58  85 242
246 135  85 109 214 243 143  94  95 147 244 209 106  85 139 246
254 246 242 242 250 255 249 242 242 249 255 250 242 242 246 254

254 246 242 242 250 255 249 242 242 249 255 250 242 242 246 254
246 135  85 109 213 243 144  95  95 147 244 209 106  85 139 246
241  78  60 161 243 233 131 136 136 133 234 242 159  58  85 242
241 101 162 248 231 226 249 252 252 248 226 231 249 159 106 242
250 209 242 224  63 176 242 150 152 243 169  66 231 242 209 250
255 243 232 219 173 253 239 191 193 240 252 169 226 234 244 255
248 143 135 248 242 242 201 220 219 205 240 243 248 133 147 249
241  90 140 251 147 202 217 219 216 221 193 152 252 136  95 242
241  89 140 251 144 201 228 221 216 222 192 148 252 136  94 242
248 139 133 249 242 242 232 227 217 202 239 242 249 131 143 249
255 242 231 219 181 253 242 201 201 241 253 177 226 233 243 255
250 213 244 224  60 181 242 143 146 242 174  63 231 243 214 250
241 103 165 247 224 219 249 250 250 248 219 224 248 162 109 242
241  78  61 165 244 231 133 140 140 135 232 243 163  60  85 242
245 130  78 103 213 242 139  89  89 142 243 210 101  78 135 246
254 245 241 241 250 255 248 241 241 248 255 250 241 241 246 254
254 246 242 242 250 255 249 242 242 249 255 250 242 242 246 254
246 135  85 109 213 243 144  95  95 147 244 209 106  85 139 246
241  78  60 161 243 233 131 136 136 133 234 242 159  58  85 242
241 101 162 248 231 226 249 252 252 248 226 231 249 159 106 242
250 209 242 224  63 176 242 150 152 243 169  66 231 242 209 250
255 243 232 219 173 253 239 191 193 240 252 169 226 234 244 255
248 143 135 248 242 242 201 220 219 205 240 243 248 133 147 249
241  90 140 251 147 202 217 219 216 221 193 152 252 136  95 242
241  89 140 251 144 201 228 221 216 222 192 148 252 136  94 242
248 139 133 249 242 242 232 227 217 202 239 242 249 131 143 249
255 242 231 219 181 253 242 201 201 241 253 177 226 233 243 255
250 213 244 224  60 181 242 143 146 242 174  63 231 243 214 250
241 103 165 247 224 219 249 250 250 248 219 224 248 162 109 242
241  78  61 165 244 231 133 140 140 135 232 243 163  60  85 242
245 130  78 103 213 242 139  89  89 142 243 210 101  78 135 246
254 245 241 241 250 255 248 241 241 248 255 250 241 241 246 254
254 246 242 242 250 255 249 242 242 249 255 250 242 242 246 254
246 135  85 109 213 243 144  95  95 147 244 209 106  85 139 246
241  78  60 161 243 233 131 136 136 133 234 242 159  58  85 242
241 101 162 248 231 226 249 252 252 248 226 231 249 159 106 242
250 209 242 224  63 176 242 150 152 243 169  66 231 242 209 250
255 243 232 219 173 253 239 191 193 240 252 169 226 234 244 255
248 143 135 248 242 242 201 220 219 205 240 243 248 133 147 249
241  90 140 251 147 202 217 219 216 221 193 152 252 136  95 242
241  89 140 251 144 201 228 221 216 222 192 148 252 136  94 242
248 139 133 249 242 242 232 227 217 202 239 242 249 131 143 249
255 242 231 219 181 253 242 201 201 241 253 177 226 233 243 255
250 213 244 224  60 181 242 143 146 242 174  63 231 243 214 250
241 103 165 247 224 219 249 250 250 248 219 224 248 162 109 242
241  78  61 165 244 231 133 140 140 135 232 243 163  60  85 242
245 130  78 103 213 242 139  89  89 142 243 210 101  78 135 246
254 245 241 241 250 255 248 241 241 248 255 250 241 241 246 254
